460
235
1142
562
214
1180
1276
2035
853
1061
1182
308
834
946
453
486
2123
2075
2486
460
1174
208
752
2139
452
719
1561
315
3347
2342
819
1043
2611
1192
1182
349
883
550
302
354
1734
1452
296
2882
460
529
349
1522
612
1454
731
2076
309
775
861
3334
2496
602
308
446
216
3475
646
2501
2227
1426
190
1532
308
157
1506
205
895
516
909
1435
1190
1259
216
1670
3960
817
1670
861
406
404
500
689
3100
525
931
304
1896
261
347
1042
1773
342
297
883
332
2388
748
1080
231
551
972
265
488
1144
2332
3024
1750
483
2128
235
689
1852
372
3705
416
337
335
1400
2521
374
308
575
618
1304
351
549
3510
1620
326
588
1020
2903
2659
3037
2475
978
2568
371
791
480
1786
1849
3634
844
3094
3465
1035
237
3175
760
853
446
1071
728
2585
707
861
719
1790
680
888
1660
578
606
1487
317
844
3747
2748
1503
1717
1117
1372
2768
370
1546
1023
3636
1325
2556
1052
773
817
516
447
462
361
125
271
173
1950
719
153
337
